11027000
09419659
09419740
09184600
10172700
09383400
09400815
09470700
09470750
09484000
09484580
09497700
09498503
09502960
06711575
06720460
07100750
07103100
07103703
07103800
07103980
07105000
07105490
09034900
09065100
09096100
09143500
08329700
08329838
08329840
08329880
08330200
08330775
08386505
07298150
07299575
07299825
07312380
08049580
08050840
08063040
08063600
08072760
08079120
08082900
08100630
08101310
08101330
08105886
08107950
08127090
08128095
08143700
08158110
08159105
08159110
08159250
08167870
08168770
08177700
08178585
08178593
08178638
08178871
08180586
08180941
08203450
08407580
08458980
08458993
08458995
07160280
07160290
07160300
07191221
07191265
07241588
07241600
07325840
07325860
07329605
07329610
07329780
07331185
07334428
06893557
06893620
06893750
06893830
06893890
06893970
06917630
06918493
06935850
06935890
07005000
07010038
07010208
07019185
07050690
07052000
07052100
07053690
07053710
07047855
07048495
07074670
07077652
07194809
07194880
07194906
07250935
07250974
07257693
07261090
07263580
07358250
07358253
07358257
07358284
07358550
07362579
07379960
07380102
07380224
03250322
03284525
03284533
03284552
03287590
03288180
03289000
03289200
03437480
03437495
03426387
03431040
03431100
03431530
03431655
07031692
02480345
02481251
02423571
02461130
02461192
03575686
03575700
03575870
03575877
03575890
03575980
01652500
02087350
02087359
02087580
02093800
02094659
02094770
02094775
02095000
02095181
02095271
02095500
02102908
02111000
02142000
02143040
02146600
03455773
02110701
02160381
02162285
02172035
02172300
02300033
02300300
02300700
02301740
02301745
02301750
02303205
02303350
02306500
02306774
02306904
02307000
02307032
02307323
02307362
02307674
02307780
02308870
02308889
02309110
02309415
02309425
02310322
